<?xml version="1.0"?>
<opencv_storage>
<layer_sizes>
  200 10 10</layer_sizes>
<activation_function>SIGMOID_SYM</activation_function>
<f_param1>6.6000000000000003e-001</f_param1>
<f_param2>1.</f_param2>
<min_val>-9.4999999999999996e-001</min_val>
<max_val>9.4999999999999996e-001</max_val>
<min_val1>-9.7999999999999998e-001</min_val1>
<max_val1>9.7999999999999998e-001</max_val1>
<training_params>
  <train_method>BACKPROP</train_method>
  <dw_scale>1.0000000000000000e-003</dw_scale>
  <moment_scale>1.0000000000000001e-005</moment_scale>
  <term_criteria>
    <epsilon>1.0000000000000001e-005</epsilon>
    <iterations>1000</iterations></term_criteria></training_params>
<input_scale>
  1. 0. 1. 0. 1. 0. 1. 0. 1. 0. 1. 0. 1. 0. 1. 0. 1. 0. 1. 0. 1. 0. 1.
  0. 1. 0. 1. 0. 1. 0. 1. 0. 1. 0. 1. 0. 1. 0. 1. 0. 1. 0. 1. 0. 1. 0.
  1. 0. 3.3333333333333335e+000 -3.3333333333333337e-001
  3.3333333333333335e+000 -3.3333333333333337e-001
  3.3333333333333335e+000 -3.3333333333333337e-001 1. 0. 1. 0. 1. 0. 1.
  0. 3.3333333333333335e+000 -3.3333333333333337e-001
  2.1821789023599236e+000 -6.5465367070797709e-001
  2.1821789023599236e+000 -1.5275252316519465e+000
  2.1821789023599236e+000 -1.5275252316519465e+000
  2.5000000000000004e+000 -2.0000000000000004e+000
  2.5000000000000004e+000 -2.0000000000000004e+000 2. -1.
  2.5000000000000000e+000 -5.0000000000000000e-001 1. 0. 1. 0.
  3.3333333333333335e+000 -3.3333333333333337e-001
  2.1821789023599236e+000 -1.5275252316519465e+000
  2.1821789023599236e+000 -1.5275252316519465e+000
  2.5000000000000004e+000 -2.0000000000000004e+000
  3.3333333333333339e+000 -3.0000000000000004e+000
  3.3333333333333339e+000 -3.0000000000000004e+000
  3.3333333333333339e+000 -3.0000000000000004e+000
  2.5000000000000000e+000 -5.0000000000000000e-001 1. 0. 1. 0.
  3.3333333333333335e+000 -3.3333333333333337e-001 2. -1.
  2.0412414523193152e+000 -8.1649658092772615e-001
  2.5000000000000000e+000 -5.0000000000000000e-001
  2.1821789023599236e+000 -6.5465367070797709e-001
  2.5000000000000004e+000 -2.0000000000000004e+000
  2.1821789023599236e+000 -1.5275252316519465e+000
  2.1821789023599236e+000 -6.5465367070797709e-001 1. 0. 1. 0.
  2.5000000000000000e+000 -5.0000000000000000e-001
  2.0412414523193152e+000 -8.1649658092772615e-001
  2.5000000000000000e+000 -5.0000000000000000e-001
  2.1821789023599236e+000 -6.5465367070797709e-001
  2.1821789023599236e+000 -6.5465367070797709e-001 2. -1.
  2.1821789023599236e+000 -1.5275252316519465e+000
  2.5000000000000000e+000 -5.0000000000000000e-001 1. 0. 1. 0.
  2.5000000000000000e+000 -5.0000000000000000e-001
  2.0412414523193152e+000 -8.1649658092772615e-001 2. -1.
  2.1821789023599236e+000 -6.5465367070797709e-001
  2.1821789023599236e+000 -6.5465367070797709e-001
  2.0412414523193152e+000 -1.2247448713915892e+000
  2.1821789023599236e+000 -1.5275252316519465e+000
  3.3333333333333335e+000 -3.3333333333333337e-001 1. 0. 1. 0. 1. 0. 2.
  -1. 2. -1. 2.0412414523193152e+000 -1.2247448713915892e+000
  2.5000000000000004e+000 -2.0000000000000004e+000
  2.5000000000000004e+000 -2.0000000000000004e+000 2. -1.
  3.3333333333333335e+000 -3.3333333333333337e-001 1. 0. 1. 0. 1. 0.
  2.0412414523193152e+000 -8.1649658092772615e-001 2. -1. 2. -1.
  2.5000000000000004e+000 -2.0000000000000004e+000
  2.5000000000000004e+000 -2.0000000000000004e+000
  2.0412414523193152e+000 -8.1649658092772615e-001
  3.3333333333333335e+000 -3.3333333333333337e-001 1. 0. 1. 0. 1. 0.
  2.0412414523193152e+000 -8.1649658092772615e-001
  2.0412414523193152e+000 -8.1649658092772615e-001
  2.0412414523193152e+000 -1.2247448713915892e+000
  2.1821789023599236e+000 -1.5275252316519465e+000
  2.1821789023599236e+000 -1.5275252316519465e+000 2. -1.
  2.5000000000000000e+000 -5.0000000000000000e-001 1. 0. 1. 0.
  3.3333333333333335e+000 -3.3333333333333337e-001
  2.0412414523193152e+000 -8.1649658092772615e-001
  2.1821789023599236e+000 -6.5465367070797709e-001
  2.0412414523193152e+000 -8.1649658092772615e-001
  2.0412414523193152e+000 -8.1649658092772615e-001 2. -1.
  2.1821789023599236e+000 -1.5275252316519465e+000
  2.5000000000000000e+000 -5.0000000000000000e-001 1. 0. 1. 0.
  2.5000000000000000e+000 -5.0000000000000000e-001
  2.0412414523193152e+000 -8.1649658092772615e-001
  2.0412414523193152e+000 -8.1649658092772615e-001
  2.1821789023599236e+000 -6.5465367070797709e-001
  2.0412414523193152e+000 -8.1649658092772615e-001
  2.1821789023599236e+000 -6.5465367070797709e-001
  2.1821789023599236e+000 -1.5275252316519465e+000
  2.1821789023599236e+000 -6.5465367070797709e-001 1. 0. 1. 0.
  2.1821789023599236e+000 -6.5465367070797709e-001
  2.0412414523193152e+000 -8.1649658092772615e-001
  2.5000000000000000e+000 -5.0000000000000000e-001
  2.0412414523193152e+000 -8.1649658092772615e-001
  2.5000000000000000e+000 -5.0000000000000000e-001
  2.5000000000000000e+000 -5.0000000000000000e-001
  2.1821789023599236e+000 -1.5275252316519465e+000
  2.0412414523193152e+000 -8.1649658092772615e-001 1. 0. 1. 0.
  2.5000000000000000e+000 -5.0000000000000000e-001 2. -1. 2. -1.
  2.0412414523193152e+000 -8.1649658092772615e-001
  2.1821789023599236e+000 -6.5465367070797709e-001
  2.5000000000000000e+000 -5.0000000000000000e-001
  2.1821789023599236e+000 -1.5275252316519465e+000
  2.0412414523193152e+000 -8.1649658092772615e-001 1. 0. 1. 0. 1. 0.
  2.0412414523193152e+000 -8.1649658092772615e-001 2. -1.
  2.0412414523193152e+000 -8.1649658092772615e-001
  2.0412414523193152e+000 -8.1649658092772615e-001
  2.5000000000000004e+000 -2.0000000000000004e+000
  2.5000000000000004e+000 -2.0000000000000004e+000
  2.5000000000000000e+000 -5.0000000000000000e-001 1. 0. 1. 0. 1. 0. 2.
  -1. 2.5000000000000004e+000 -2.0000000000000004e+000
  3.3333333333333339e+000 -3.0000000000000004e+000
  2.5000000000000004e+000 -2.0000000000000004e+000
  2.1821789023599236e+000 -1.5275252316519465e+000 2. -1.
  3.3333333333333335e+000 -3.3333333333333337e-001 1. 0. 1. 0. 1. 0.
  2.5000000000000000e+000 -5.0000000000000000e-001
  2.1821789023599236e+000 -6.5465367070797709e-001 2. -1. 2. -1.
  2.1821789023599236e+000 -6.5465367070797709e-001
  3.3333333333333335e+000 -3.3333333333333337e-001 1. 0. 1. 0. 1. 0. 1.
  0. 1. 0. 1. 0. 1. 0. 1. 0. 1. 0. 1. 0. 1. 0. 1. 0. 1. 0. 1. 0. 1. 0.
  1. 0. 1. 0. 1. 0. 1. 0. 1. 0. 1. 0. 1. 0.</input_scale>
<output_scale>
  5.2631578947368418e-001 4.9999999999999994e-001
  5.2631578947368418e-001 4.9999999999999994e-001
  5.2631578947368418e-001 4.9999999999999994e-001
  5.2631578947368418e-001 4.9999999999999994e-001
  5.2631578947368418e-001 4.9999999999999994e-001
  5.2631578947368418e-001 4.9999999999999994e-001
  5.2631578947368418e-001 4.9999999999999994e-001
  5.2631578947368418e-001 4.9999999999999994e-001
  5.2631578947368418e-001 4.9999999999999994e-001
  5.2631578947368418e-001 4.9999999999999994e-001</output_scale>
<inv_output_scale>
  1.8999999999999999e+000 -9.4999999999999996e-001
  1.8999999999999999e+000 -9.4999999999999996e-001
  1.8999999999999999e+000 -9.4999999999999996e-001
  1.8999999999999999e+000 -9.4999999999999996e-001
  1.8999999999999999e+000 -9.4999999999999996e-001
  1.8999999999999999e+000 -9.4999999999999996e-001
  1.8999999999999999e+000 -9.4999999999999996e-001
  1.8999999999999999e+000 -9.4999999999999996e-001
  1.8999999999999999e+000 -9.4999999999999996e-001
  1.8999999999999999e+000 -9.4999999999999996e-001</inv_output_scale>
